1        MG      -47.826         0.790   0.768   -42.217         0.700   0.683
2        CHA     176.084         -0.301  -0.324  141.478         -0.286  -0.313
3        CHB     -32.061         0.379   0.342   -14.988         0.316   0.295
4        CHC     -71.361         0.344   0.283   -45.427         0.310   0.257
5        CHD     53.375         0.353   0.309   41.071          0.287   0.257
6        NA      68.868         -0.429  -0.465  65.489          -0.411  -0.439
7        C1A     -162.609        0.399   0.430  -134.776        0.393   0.413
8        C2A     21.499         0.046   0.053   19.419          0.006   0.015
9        C3A     3.030          0.232   0.233   2.723           0.191   0.194
10       C4A     36.821         -0.305  -0.289  17.043          -0.224  -0.193
11       CMA     12.321         -0.023  -0.021  11.656          -0.017  -0.013
12       CAA     -16.946         -0.043  -0.041  -15.907         -0.009  -0.005
13       CBA     12.528         -0.017  -0.020  9.451           -0.023  -0.024
14       CGA     -7.446         0.774   0.777   -5.063          0.624   0.627
15       O1A     6.318          -0.561  -0.561  5.421           -0.476  -0.477
16       O2A     -3.945         -0.534  -0.535  -3.656          -0.432  -0.433
17       NB     -52.392         0.148   0.150   -28.216         0.139   0.125
18       C1B     139.525         -0.536  -0.524  87.663          -0.486  -0.463
19       C2B     -3.695         0.094   0.058   -0.905          0.120   0.093
20       C3B     79.438         0.177   0.145   67.447          0.089   0.062
21       C4B     73.566         -0.558  -0.505  33.680          -0.463  -0.393
22       CMB     33.278         0.088   0.090   32.745          0.068   0.067
23       CAB     -39.325         0.322   0.311   -25.091         0.297   0.274
24       OBB     39.225         -0.453  -0.454  37.208          -0.400  -0.413
25       CBB     18.694         0.056   0.058   19.037          0.034   0.034
26       NC      13.568         -0.161  -0.209  16.855          -0.163  -0.202
27       C1C     120.375         -0.205  -0.175  80.984          -0.187  -0.146
28       C2C     -24.167         0.167   0.168   -19.196         0.139   0.144
29       C3C     34.475         0.161   0.163   28.047          0.123   0.126
30       C4C     -152.094        -0.315  -0.241  -116.550        -0.227  -0.167
31       CMC     8.482          -0.005  -0.003  7.787           0.001   0.004
32       CAC     3.287          0.041   0.043   0.863           0.038   0.042
33       CBC     -10.712         -0.026  -0.026  -9.640          -0.017  -0.016
34       ND      170.946         -0.099  -0.124  135.026         -0.097  -0.109
35       C1D     -150.936        -0.476  -0.387  -111.514        -0.406  -0.353
36       C2D     -28.026         0.217   0.212   -22.400         0.228   0.210
37       C3D     33.602         -0.283  -0.286  36.878          -0.301  -0.297
38       C4D     -259.557        0.040   0.109   -200.720        0.085   0.132
39       CMD     -32.196         0.090   0.090   -31.393         0.074   0.076
40       CAD     -21.180         0.481   0.472   -35.896         0.417   0.390
41       OBD     -23.206         -0.506  -0.508  -20.922         -0.433  -0.442
42       CBD     -8.694         0.217   0.215   -2.346          0.190   0.192
43       CGD     -5.014         0.473   0.475   -2.023          0.355   0.357
44       O1D     -7.608         -0.478  -0.479  -8.885          -0.399  -0.401
45       O2D     8.112          -0.418  -0.419  7.086           -0.328  -0.331
46       CED     -7.514         0.326   0.325   -7.868          0.285   0.285
47       C1      1.093          0.317   0.317   0.543           0.276   0.276
